struct:
    name: 'GeNW'
    POSCAR_path: ./POSCAR_NW
    NN_length:  2.7
    periodicity: [False, False, True]
    bond_cut:
        HH:
            NN: null
        HGe:
            NN: 2.7
        GeGe:
            NN: 2.7

kpt_paths:
    kpt_den: 30
    sp_kpts:
        - [[0, 0, 0],  [0., 0., 0.5]]

orbitals:
    H:
        ['s']
    Ge:
        ['s', 'px', 'py', 'pz', 'dxy', 'dyz', 'dxz', 'dx2-y2', 'dz2', 'S']


params:
    H:
        e_s: 0.20505

    Ge:
        e_s: -3.44070
        e_p: 4.13420
        e_d: 13.2395
        e_S: 19.1761

    HH:
        V_sss: 11111

    HGe:
        V_sss: -3.61897
        V_sps: 4.08147
        V_sds: 0
        V_sSs: 0
    
    GeGe:
        V_sss: -1.5319
        V_SSs: -3.5836
        V_sSs: -1.9099
        V_sps: 2.7737
        V_Sps: 2.0249
        V_sds: -3.1063
        V_Sds: -0.8989
        V_pps: 4.0981
        V_ppp: -1.5223
        V_pds: -1.8229
        V_pdp: 1.9001
        V_dds: -1.2172
        V_ddp: 2.5054
        V_ddd: -2.1389

scale_params:
    Ge: 
        d_0: 2.44924974571
        a_s : -0.33252
        a_p : -0.43824
        a_d : -0.90486
        a_S : -0.52062
        b_p_0 : 1.01233
        b_p_1 : -2.53951
        b_d_0 : 1.99217
        b_pd_0 : -0.22597
        b_pd_1 : -3.77180
        b_sp_0 : 1.27627
        b_Sp_0 : -2.02374
        b_sd_0 : 2.38822
        b_Sd_0 : -4.73191        
    H: null
    GeGe:
        d_0: 2.44924974571
        n_sss: 3.631
        n_SSs: 0 
        n_sSs: 0
        n_sps: 3.713
        n_pps: 2.030
        n_ppp: 4.025
        n_sds: 1.931
        n_Sps: 1.830
        n_pds: 1.759
        n_pdp: 1.872
        n_dds: 2.
        n_ddp: 2.
        n_ddd: 2.
        n_Sds: 2.
    HH:
        null
    HGe:
        null
