struct:
    name: 'fcc_ge'
    POSCAR_path: ./POSCAR
    bond_cut:
        HH:
            NN: null
        HGe:
            NN: 2.7
        GeGe:
            NN: 2.7
    periodicity: [True, True, True]

kpt_paths:
    kpt_den: 10
    sp_kpts:
        - [[0.5, 0.5, 0.5], [0., 0., 0.], [0.5, 0, 0.5], [0.25, 0.625, 0.62], [0.0, 0.5, 0.0] ]
        - [[0.375, 0.75, 0.375],  [0.5, 0, 0]]    


#kpt_den: 100
 #   sp_kpts:
  #      - [[0.5, 0.5, 0.5], [0., 0., 0.], [0., 0.5, 0.5], [0.25, 0.625, 0.625]]
   #     - [[0.375, 0.75, 0.375], [0., 0., 0.]]

orbitals:
    Ge:
        ['s', 'px', 'py', 'pz', 'dxy', 'dyz', 'dxz', 'dx2-y2', 'dz2', 'S']

params:
    Ge:
        e_s: -4.08253
        e_p: 4.63470
        e_d: 12.19526
        e_S: 23.20167
    GeGe:


        V_sss: -1.49093
        V_SSs: -4.86118
        V_sSs: -1.59479
        V_sps: 2.91277
        V_Sps: 2.92036
        V_sds: -2.10114
        V_Sds: -0.23561
        V_pps: 4.36624
        V_ppp: -1.58305
        V_pds: -1.60110
        V_pdp: 2.36977
        V_dds: -1.15483
        V_ddp: 2.30042
        V_ddd: -1.19386


scale_params:
    Ge: 
        d_0: 2.44999
        a_s : -0.33252
        a_p : -0.43824
        a_d : -0.90486
        a_S : -0.52062
        b_p_0 : 1.01233
        b_p_1 : -2.53951
        b_d_0 : 1.99217
        b_pd_0 : -0.22597
        b_pd_1 : -3.77180
        b_sp_0 : 1.27627
        b_Sp_0 : -2.02374
        b_sd_0 : 2.38822
        b_Sd_0 : -4.73191     
    GeGe:
        d_0: 2.44999
        n_sss: 3.57536
        n_SSs: 1.07935
        n_sSs: 1.03634
        n_sps: 2.88203
        n_pps: 2.40576
        n_ppp: 2.95026
        n_sds: 1.89283
        n_Sps: 2.64809
        n_pds: 0.51325
        n_pdp: 1.62421
        n_dds: 1.68410
        n_ddp: 2.64952
        n_ddd: 3.83221
        n_Sds: 2.33424




        
